2
34 34
-0.659229 -0.830928 0.000000 0.500000 1.000000
-0.761849 -0.683070 0.030303 0.500000 1.000000
-0.827246 -0.554763 0.060606 0.500000 1.000000
-0.863776 -0.449849 0.090909 0.500000 1.000000
-0.877751 -0.367324 0.121212 0.500000 1.000000
-0.873490 -0.304410 0.151515 0.500000 1.000000
-0.853810 -0.257979 0.181818 0.500000 1.000000
-0.820513 -0.225096 0.212121 0.500000 1.000000
-0.774757 -0.203162 0.242424 0.500000 1.000000
-0.717330 -0.189900 0.272727 0.500000 1.000000
-0.648859 -0.183298 0.303030 0.500000 1.000000
-0.569985 -0.181552 0.333333 0.500000 1.000000
-0.481490 -0.183025 0.363636 0.500000 1.000000
-0.384417 -0.186241 0.393939 0.500000 1.000000
-0.280138 -0.189913 0.424242 0.500000 1.000000
-0.170379 -0.192991 0.454545 0.500000 1.000000
-0.057184 -0.194727 0.484848 0.500000 1.000000
0.057184 -0.194727 0.515152 0.500000 1.000000
0.170379 -0.192991 0.545455 0.500000 1.000000
0.280138 -0.189913 0.575758 0.500000 1.000000
0.384417 -0.186241 0.606061 0.500000 1.000000
0.481490 -0.183025 0.636364 0.500000 1.000000
0.569985 -0.181552 0.666667 0.500000 1.000000
0.648859 -0.183298 0.696970 0.500000 1.000000
0.717330 -0.189900 0.727273 0.500000 1.000000
0.774757 -0.203162 0.757576 0.500000 1.000000
0.820513 -0.225096 0.787879 0.500000 1.000000
0.853810 -0.257979 0.818182 0.500000 1.000000
0.873490 -0.304410 0.848485 0.500000 1.000000
0.877751 -0.367324 0.878788 0.500000 1.000000
0.863776 -0.449849 0.909091 0.500000 1.000000
0.827246 -0.554763 0.939394 0.500000 1.000000
0.761849 -0.683070 0.969697 0.500000 1.000000
0.659229 -0.830928 1.000000 0.500000 1.000000
-0.631138 -0.857173 0.000566 0.492424 1.000000
-0.733390 -0.716687 0.030835 0.492424 1.000000
-0.799848 -0.592602 0.061104 0.492424 1.000000
-0.837938 -0.489569 0.091372 0.492424 1.000000
-0.853538 -0.407413 0.121641 0.492424 1.000000
-0.850810 -0.343961 0.151910 0.492424 1.000000
-0.832554 -0.296477 0.182179 0.492424 1.000000
-0.800610 -0.262263 0.212447 0.492424 1.000000
-0.756199 -0.238865 0.242716 0.492424 1.000000
-0.700183 -0.224097 0.272985 0.492424 1.000000
-0.633260 -0.216008 0.303253 0.492424 1.000000
-0.556131 -0.212843 0.333522 0.492424 1.000000
-0.469626 -0.213014 0.363791 0.492424 1.000000
-0.374810 -0.215098 0.394060 0.492424 1.000000
-0.273049 -0.217859 0.424328 0.492424 1.000000
-0.166027 -0.220297 0.454597 0.492424 1.000000
-0.055716 -0.221701 0.484866 0.492424 1.000000
0.055716 -0.221701 0.515134 0.492424 1.000000
0.166027 -0.220297 0.545403 0.492424 1.000000
0.273049 -0.217859 0.575672 0.492424 1.000000
0.374810 -0.215098 0.605940 0.492424 1.000000
0.469626 -0.213014 0.636209 0.492424 1.000000
0.556131 -0.212843 0.666478 0.492424 1.000000
0.633260 -0.216008 0.696747 0.492424 1.000000
0.700183 -0.224097 0.727015 0.492424 1.000000
0.756199 -0.238865 0.757284 0.492424 1.000000
0.800610 -0.262263 0.787553 0.492424 1.000000
0.832554 -0.296477 0.817821 0.492424 1.000000
0.850810 -0.343961 0.848090 0.492424 1.000000
0.853538 -0.407413 0.878359 0.492424 1.000000
0.837938 -0.489569 0.908628 0.492424 1.000000
0.799848 -0.592602 0.938896 0.492424 1.000000
0.733390 -0.716687 0.969165 0.492424 1.000000
0.631138 -0.857173 0.999434 0.492424 1.000000
-0.603701 -0.880856 0.002264 0.484848 1.000000
-0.705175 -0.747755 0.032430 0.484848 1.000000
-0.772371 -0.628173 0.062596 0.484848 1.000000
-0.811818 -0.527380 0.092761 0.484848 1.000000
-0.828937 -0.445928 0.122927 0.484848 1.000000
-0.827706 -0.382216 0.153093 0.484848 1.000000
-0.810880 -0.333897 0.183259 0.484848 1.000000
-0.780326 -0.298524 0.213425 0.484848 1.000000
-0.737317 -0.273795 0.243591 0.484848 1.000000
-0.682776 -0.257625 0.273756 0.484848 1.000000
-0.617467 -0.248135 0.303922 0.484848 1.000000
-0.542146 -0.243623 0.334088 0.484848 1.000000
-0.457685 -0.242556 0.364254 0.484848 1.000000
-0.365167 -0.243560 0.394420 0.484848 1.000000
-0.265949 -0.245453 0.424585 0.484848 1.000000
-0.161675 -0.247281 0.454751 0.484848 1.000000
-0.054249 -0.248370 0.484917 0.484848 1.000000
0.054249 -0.248370 0.515083 0.484848 1.000000
0.161675 -0.247281 0.545249 0.484848 1.000000
0.265949 -0.245453 0.575415 0.484848 1.000000
0.365167 -0.243560 0.605580 0.484848 1.000000
0.457685 -0.242556 0.635746 0.484848 1.000000
0.542146 -0.243623 0.665912 0.484848 1.000000
0.617467 -0.248135 0.696078 0.484848 1.000000
0.682776 -0.257625 0.726244 0.484848 1.000000
0.737317 -0.273795 0.756409 0.484848 1.000000
0.780326 -0.298524 0.786575 0.484848 1.000000
0.810880 -0.333897 0.816741 0.484848 1.000000
0.827706 -0.382216 0.846907 0.484848 1.000000
0.828937 -0.445928 0.877073 0.484848 1.000000
0.811818 -0.527380 0.907239 0.484848 1.000000
0.772371 -0.628173 0.937404 0.484848 1.000000
0.705175 -0.747755 0.967570 0.484848 1.000000
0.603701 -0.880856 0.997736 0.484848 1.000000
-0.576911 -0.902153 0.005089 0.477273 1.000000
-0.677233 -0.776391 0.035084 0.477273 1.000000
-0.744856 -0.661536 0.065078 0.477273 1.000000
-0.785451 -0.563301 0.095073 0.477273 1.000000
-0.803973 -0.482866 0.125068 0.477273 1.000000
-0.804192 -0.419165 0.155062 0.477273 1.000000
-0.788798 -0.370230 0.185057 0.477273 1.000000
-0.759663 -0.333868 0.215051 0.477273 1.000000
-0.718104 -0.307944 0.245046 0.477273 1.000000
-0.665099 -0.290480 0.275041 0.477273 1.000000
-0.601468 -0.279675 0.305035 0.477273 1.000000
-0.528015 -0.273891 0.335030 0.477273 1.000000
-0.445650 -0.271647 0.365024 0.477273 1.000000
-0.355471 -0.271624 0.395019 0.477273 1.000000
-0.258824 -0.272690 0.425014 0.477273 1.000000
-0.157315 -0.273938 0.455008 0.477273 1.000000
-0.052781 -0.274727 0.485003 0.477273 1.000000
0.052781 -0.274727 0.514997 0.477273 1.000000
0.157315 -0.273938 0.544992 0.477273 1.000000
0.258824 -0.272690 0.574986 0.477273 1.000000
0.355471 -0.271624 0.604981 0.477273 1.000000
0.445650 -0.271647 0.634976 0.477273 1.000000
0.528015 -0.273891 0.664970 0.477273 1.000000
0.601468 -0.279675 0.694965 0.477273 1.000000
0.665099 -0.290480 0.724959 0.477273 1.000000
0.718104 -0.307944 0.754954 0.477273 1.000000
0.759663 -0.333868 0.784949 0.477273 1.000000
0.788798 -0.370230 0.814943 0.477273 1.000000
0.804192 -0.419165 0.844938 0.477273 1.000000
0.803973 -0.482866 0.874932 0.477273 1.000000
0.785451 -0.563301 0.904927 0.477273 1.000000
0.744856 -0.661536 0.934922 0.477273 1.000000
0.677233 -0.776391 0.964916 0.477273 1.000000
0.576911 -0.902153 0.994911 0.477273 1.000000
-0.550758 -0.921225 0.009036 0.469697 1.000000
-0.649589 -0.802709 0.038791 0.469697 1.000000
-0.717338 -0.692752 0.068546 0.469697 1.000000
-0.758872 -0.597355 0.098302 0.469697 1.000000
-0.778673 -0.518230 0.128057 0.469697 1.000000
-0.780286 -0.454798 0.157813 0.469697 1.000000
-0.766314 -0.405463 0.187568 0.469697 1.000000
-0.738624 -0.368285 0.217324 0.469697 1.000000
-0.698559 -0.341302 0.247079 0.469697 1.000000
-0.647145 -0.322655 0.276834 0.469697 1.000000
-0.585251 -0.310625 0.306590 0.469697 1.000000
-0.513725 -0.303642 0.336345 0.469697 1.000000
-0.433508 -0.300283 0.366101 0.469697 1.000000
-0.345710 -0.299285 0.395856 0.469697 1.000000
-0.251664 -0.299566 0.425611 0.469697 1.000000
-0.152938 -0.300261 0.455367 0.469697 1.000000
-0.051308 -0.300766 0.485122 0.469697 1.000000
0.051308 -0.300766 0.514878 0.469697 1.000000
0.152938 -0.300261 0.544633 0.469697 1.000000
0.251664 -0.299566 0.574389 0.469697 1.000000
0.345710 -0.299285 0.604144 0.469697 1.000000
0.433508 -0.300283 0.633899 0.469697 1.000000
0.513725 -0.303642 0.663655 0.469697 1.000000
0.585251 -0.310625 0.693410 0.469697 1.000000
0.647145 -0.322655 0.723166 0.469697 1.000000
0.698559 -0.341302 0.752921 0.469697 1.000000
0.738624 -0.368285 0.782676 0.469697 1.000000
0.766314 -0.405463 0.812432 0.469697 1.000000
0.780286 -0.454798 0.842187 0.469697 1.000000
0.778673 -0.518230 0.871943 0.469697 1.000000
0.758872 -0.597355 0.901698 0.469697 1.000000
0.717338 -0.692752 0.931454 0.469697 1.000000
0.649589 -0.802709 0.961209 0.469697 1.000000
0.550758 -0.921225 0.990964 0.469697 1.000000
-0.525230 -0.938217 0.014094 0.462121 1.000000
-0.622261 -0.826815 0.043543 0.462121 1.000000
-0.689849 -0.721881 0.072992 0.462121 1.000000
-0.732111 -0.629567 0.102441 0.462121 1.000000
-0.753063 -0.552020 0.131890 0.462121 1.000000
-0.756005 -0.489108 0.161338 0.462121 1.000000
-0.743440 -0.439583 0.190787 0.462121 1.000000
-0.717210 -0.401762 0.220236 0.462121 1.000000
-0.678679 -0.373859 0.249685 0.462121 1.000000
-0.628907 -0.354140 0.279134 0.462121 1.000000
-0.568807 -0.340977 0.308583 0.462121 1.000000
-0.499265 -0.332871 0.338031 0.462121 1.000000
-0.421246 -0.328461 0.367480 0.462121 1.000000
-0.335872 -0.326540 0.396929 0.462121 1.000000
-0.244459 -0.326076 0.426378 0.462121 1.000000
-0.148539 -0.326247 0.455827 0.462121 1.000000
-0.049828 -0.326481 0.485276 0.462121 1.000000
0.049828 -0.326481 0.514724 0.462121 1.000000
0.148539 -0.326247 0.544173 0.462121 1.000000
0.244459 -0.326076 0.573622 0.462121 1.000000
0.335872 -0.326540 0.603071 0.462121 1.000000
0.421246 -0.328461 0.632520 0.462121 1.000000
0.499265 -0.332871 0.661969 0.462121 1.000000
0.568807 -0.340977 0.691417 0.462121 1.000000
0.628907 -0.354140 0.720866 0.462121 1.000000
0.678679 -0.373859 0.750315 0.462121 1.000000
0.717210 -0.401762 0.779764 0.462121 1.000000
0.743440 -0.439583 0.809213 0.462121 1.000000
0.756005 -0.489108 0.838662 0.462121 1.000000
0.753063 -0.552020 0.868110 0.462121 1.000000
0.732111 -0.629567 0.897559 0.462121 1.000000
0.689849 -0.721881 0.927008 0.462121 1.000000
0.622261 -0.826815 0.956457 0.462121 1.000000
0.525230 -0.938217 0.985906 0.462121 1.000000
-0.500314 -0.953263 0.020254 0.454545 1.000000
-0.595267 -0.848811 0.049329 0.454545 1.000000
-0.662420 -0.748982 0.078405 0.454545 1.000000
-0.705200 -0.659960 0.107480 0.454545 1.000000
-0.727168 -0.584241 0.136556 0.454545 1.000000
-0.731368 -0.522084 0.165631 0.454545 1.000000
-0.720186 -0.472577 0.194707 0.454545 1.000000
-0.695427 -0.434285 0.223782 0.454545 1.000000
-0.658462 -0.405603 0.252858 0.454545 1.000000
-0.610380 -0.384926 0.281933 0.454545 1.000000
-0.552126 -0.370723 0.311009 0.454545 1.000000
-0.484622 -0.361572 0.340085 0.454545 1.000000
-0.408853 -0.356176 0.369160 0.454545 1.000000
-0.325944 -0.353383 0.398236 0.454545 1.000000
-0.237199 -0.352214 0.427311 0.454545 1.000000
-0.144111 -0.351890 0.456387 0.454545 1.000000
-0.048339 -0.351867 0.485462 0.454545 1.000000
0.048339 -0.351867 0.514538 0.454545 1.000000
0.144111 -0.351890 0.543613 0.454545 1.000000
0.237199 -0.352214 0.572689 0.454545 1.000000
0.325944 -0.353383 0.601764 0.454545 1.000000
0.408853 -0.356176 0.630840 0.454545 1.000000
0.484622 -0.361572 0.659915 0.454545 1.000000
0.552126 -0.370723 0.688991 0.454545 1.000000
0.610380 -0.384926 0.718067 0.454545 1.000000
0.658462 -0.405603 0.747142 0.454545 1.000000
0.695427 -0.434285 0.776218 0.454545 1.000000
0.720186 -0.472577 0.805293 0.454545 1.000000
0.731368 -0.522084 0.834369 0.454545 1.000000
0.727168 -0.584241 0.863444 0.454545 1.000000
0.705200 -0.659960 0.892520 0.454545 1.000000
0.662420 -0.748982 0.921595 0.454545 1.000000
0.595267 -0.848811 0.950671 0.454545 1.000000
0.500314 -0.953263 0.979746 0.454545 1.000000
-0.475992 -0.966487 0.027500 0.446970 1.000000
-0.568617 -0.868796 0.056136 0.446970 1.000000
-0.635077 -0.774115 0.084772 0.446970 1.000000
-0.678169 -0.688561 0.113409 0.446970 1.000000
-0.701013 -0.614896 0.142045 0.446970 1.000000
-0.706392 -0.553721 0.170682 0.446970 1.000000
-0.696563 -0.504433 0.199318 0.446970 1.000000
-0.673280 -0.465841 0.227954 0.446970 1.000000
-0.637908 -0.436522 0.256591 0.446970 1.000000
-0.591558 -0.415004 0.285227 0.446970 1.000000
-0.535203 -0.399857 0.313863 0.446970 1.000000
-0.469788 -0.389739 0.342500 0.446970 1.000000
-0.396318 -0.383421 0.371136 0.446970 1.000000
-0.315919 -0.379810 0.399773 0.446970 1.000000
-0.229877 -0.377977 0.428409 0.446970 1.000000
-0.139649 -0.377184 0.457045 0.446970 1.000000
-0.046840 -0.376920 0.485682 0.446970 1.000000
0.046840 -0.376920 0.514318 0.446970 1.000000
0.139649 -0.377184 0.542955 0.446970 1.000000
0.229877 -0.377977 0.571591 0.446970 1.000000
0.315919 -0.379810 0.600227 0.446970 1.000000
0.396318 -0.383421 0.628864 0.446970 1.000000
0.469788 -0.389739 0.657500 0.446970 1.000000
0.535203 -0.399857 0.686137 0.446970 1.000000
0.591558 -0.415004 0.714773 0.446970 1.000000
0.637908 -0.436522 0.743409 0.446970 1.000000
0.673280 -0.465841 0.772046 0.446970 1.000000
0.696563 -0.504433 0.800682 0.446970 1.000000
0.706392 -0.553721 0.829318 0.446970 1.000000
0.701013 -0.614896 0.857955 0.446970 1.000000
0.678169 -0.688561 0.886591 0.446970 1.000000
0.635077 -0.774115 0.915228 0.446970 1.000000
0.568617 -0.868796 0.943864 0.446970 1.000000
0.475992 -0.966487 0.972500 0.446970 1.000000
-0.452248 -0.978000 0.035816 0.439394 1.000000
-0.542323 -0.886861 0.063948 0.439394 1.000000
-0.607845 -0.797338 0.092081 0.439394 1.000000
-0.651046 -0.715397 0.120213 0.439394 1.000000
-0.674623 -0.643990 0.148345 0.439394 1.000000
-0.681097 -0.584010 0.176478 0.439394 1.000000
-0.672583 -0.535137 0.204610 0.439394 1.000000
-0.650773 -0.496415 0.232743 0.439394 1.000000
-0.617018 -0.466601 0.260875 0.439394 1.000000
-0.572439 -0.444360 0.289007 0.439394 1.000000
-0.518029 -0.428368 0.317140 0.439394 1.000000
-0.454754 -0.417364 0.345272 0.439394 1.000000
-0.383632 -0.410192 0.373404 0.439394 1.000000
-0.305786 -0.405816 0.401537 0.439394 1.000000
-0.222484 -0.403359 0.429669 0.439394 1.000000
-0.135148 -0.402126 0.457801 0.439394 1.000000
-0.045329 -0.401633 0.485934 0.439394 1.000000
0.045329 -0.401633 0.514066 0.439394 1.000000
0.135148 -0.402126 0.542199 0.439394 1.000000
0.222484 -0.403359 0.570331 0.439394 1.000000
0.305786 -0.405816 0.598463 0.439394 1.000000
0.383632 -0.410192 0.626596 0.439394 1.000000
0.454754 -0.417364 0.654728 0.439394 1.000000
0.518029 -0.428368 0.682860 0.439394 1.000000
0.572439 -0.444360 0.710993 0.439394 1.000000
0.617018 -0.466601 0.739125 0.439394 1.000000
0.650773 -0.496415 0.767257 0.439394 1.000000
0.672583 -0.535137 0.795390 0.439394 1.000000
0.681097 -0.584010 0.823522 0.439394 1.000000
0.674623 -0.643990 0.851655 0.439394 1.000000
0.651046 -0.715397 0.879787 0.439394 1.000000
0.607845 -0.797338 0.907919 0.439394 1.000000
0.542323 -0.886861 0.936052 0.439394 1.000000
0.452248 -0.978000 0.964184 0.439394 1.000000
-0.429066 -0.987902 0.045184 0.431818 1.000000
-0.516391 -0.903094 0.072749 0.431818 1.000000
-0.580747 -0.818707 0.100313 0.431818 1.000000
-0.623857 -0.740497 0.127878 0.431818 1.000000
-0.648022 -0.671530 0.155442 0.431818 1.000000
-0.655501 -0.612944 0.183007 0.431818 1.000000
-0.648258 -0.564676 0.210572 0.431818 1.000000
-0.627913 -0.525993 0.238136 0.431818 1.000000
-0.595793 -0.495828 0.265701 0.431818 1.000000
-0.553019 -0.472984 0.293265 0.431818 1.000000
-0.500599 -0.456246 0.320830 0.431818 1.000000
-0.439513 -0.444440 0.348395 0.431818 1.000000
-0.370786 -0.436481 0.375959 0.431818 1.000000
-0.295537 -0.431395 0.403524 0.431818 1.000000
-0.215015 -0.428356 0.431088 0.431818 1.000000
-0.130603 -0.426710 0.458653 0.431818 1.000000
-0.043803 -0.426004 0.486218 0.431818 1.000000
0.043803 -0.426004 0.513782 0.431818 1.000000
0.130603 -0.426710 0.541347 0.431818 1.000000
0.215015 -0.428356 0.568912 0.431818 1.000000
0.295537 -0.431395 0.596476 0.431818 1.000000
0.370786 -0.436481 0.624041 0.431818 1.000000
0.439513 -0.444440 0.651605 0.431818 1.000000
0.500599 -0.456246 0.679170 0.431818 1.000000
0.553019 -0.472984 0.706735 0.431818 1.000000
0.595793 -0.495828 0.734299 0.431818 1.000000
0.627913 -0.525993 0.761864 0.431818 1.000000
0.648258 -0.564676 0.789428 0.431818 1.000000
0.655501 -0.612944 0.816993 0.431818 1.000000
0.648022 -0.671530 0.844558 0.431818 1.000000
0.623857 -0.740497 0.872122 0.431818 1.000000
0.580747 -0.818707 0.899687 0.431818 1.000000
0.516391 -0.903094 0.927251 0.431818 1.000000
0.429066 -0.987902 0.954816 0.431818 1.000000
-0.406427 -0.996289 0.055582 0.424242 1.000000
-0.490826 -0.917577 0.082517 0.424242 1.000000
-0.553801 -0.838281 0.109451 0.424242 1.000000
-0.596629 -0.763889 0.136385 0.424242 1.000000
-0.621235 -0.697523 0.163320 0.424242 1.000000
-0.629623 -0.640517 0.190254 0.424242 1.000000
-0.623601 -0.593038 0.217189 0.424242 1.000000
-0.604708 -0.554558 0.244123 0.424242 1.000000
-0.574235 -0.524186 0.271058 0.424242 1.000000
-0.533297 -0.500862 0.297992 0.424242 1.000000
-0.482908 -0.483481 0.324926 0.424242 1.000000
-0.424058 -0.470958 0.351861 0.424242 1.000000
-0.357773 -0.462281 0.378795 0.424242 1.000000
-0.285166 -0.456541 0.405730 0.424242 1.000000
-0.207464 -0.452963 0.432664 0.424242 1.000000
-0.126012 -0.450933 0.459598 0.424242 1.000000
-0.042262 -0.450027 0.486533 0.424242 1.000000
0.042262 -0.450027 0.513467 0.424242 1.000000
0.126012 -0.450933 0.540402 0.424242 1.000000
0.207464 -0.452963 0.567336 0.424242 1.000000
0.285166 -0.456541 0.594270 0.424242 1.000000
0.357773 -0.462281 0.621205 0.424242 1.000000
0.424058 -0.470958 0.648139 0.424242 1.000000
0.482908 -0.483481 0.675074 0.424242 1.000000
0.533297 -0.500862 0.702008 0.424242 1.000000
0.574235 -0.524186 0.728942 0.424242 1.000000
0.604708 -0.554558 0.755877 0.424242 1.000000
0.623601 -0.593038 0.782811 0.424242 1.000000
0.629623 -0.640517 0.809746 0.424242 1.000000
0.621235 -0.697523 0.836680 0.424242 1.000000
0.596629 -0.763889 0.863615 0.424242 1.000000
0.553801 -0.838281 0.890549 0.424242 1.000000
0.490826 -0.917577 0.917483 0.424242 1.000000
0.406427 -0.996289 0.944418 0.424242 1.000000
-0.384314 -1.003243 0.066987 0.416667 1.000000
-0.465632 -0.930387 0.093230 0.416667 1.000000
-0.527027 -0.856112 0.119474 0.416667 1.000000
-0.569384 -0.785603 0.145717 0.416667 1.000000
-0.594285 -0.721978 0.171960 0.416667 1.000000
-0.603483 -0.666726 0.198203 0.416667 1.000000
-0.598627 -0.620210 0.224446 0.416667 1.000000
-0.581165 -0.582097 0.250690 0.416667 1.000000
-0.552346 -0.551662 0.276933 0.416667 1.000000
-0.513271 -0.527982 0.303176 0.416667 1.000000
-0.464953 -0.510061 0.329419 0.416667 1.000000
-0.408382 -0.496908 0.355662 0.416667 1.000000
-0.344586 -0.487587 0.381906 0.416667 1.000000
-0.274665 -0.481250 0.408149 0.416667 1.000000
-0.199823 -0.477175 0.434392 0.416667 1.000000
-0.121369 -0.474790 0.460635 0.416667 1.000000
-0.040704 -0.473699 0.486878 0.416667 1.000000
0.040704 -0.473699 0.513122 0.416667 1.000000
0.121369 -0.474790 0.539365 0.416667 1.000000
0.199823 -0.477175 0.565608 0.416667 1.000000
0.274665 -0.481250 0.591851 0.416667 1.000000
0.344586 -0.487587 0.618094 0.416667 1.000000
0.408382 -0.496908 0.644338 0.416667 1.000000
0.464953 -0.510061 0.670581 0.416667 1.000000
0.513271 -0.527982 0.696824 0.416667 1.000000
0.552346 -0.551662 0.723067 0.416667 1.000000
0.581165 -0.582097 0.749310 0.416667 1.000000
0.598627 -0.620210 0.775554 0.416667 1.000000
0.603483 -0.666726 0.801797 0.416667 1.000000
0.594285 -0.721978 0.828040 0.416667 1.000000
0.569384 -0.785603 0.854283 0.416667 1.000000
0.527027 -0.856112 0.880526 0.416667 1.000000
0.465632 -0.930387 0.906770 0.416667 1.000000
0.384314 -1.003243 0.933013 0.416667 1.000000
-0.362709 -1.008843 0.079373 0.409091 1.000000
-0.440810 -0.941598 0.104866 0.409091 1.000000
-0.500440 -0.872256 0.130358 0.409091 1.000000
-0.542146 -0.805668 0.155851 0.409091 1.000000
-0.567194 -0.744906 0.181343 0.409091 1.000000
-0.577099 -0.691565 0.206836 0.409091 1.000000
-0.573348 -0.646180 0.232328 0.409091 1.000000
-0.557292 -0.608594 0.257821 0.409091 1.000000
-0.530131 -0.578239 0.283313 0.409091 1.000000
-0.492941 -0.554327 0.308806 0.409091 1.000000
-0.446728 -0.535975 0.334299 0.409091 1.000000
-0.392480 -0.522282 0.359791 0.409091 1.000000
-0.331218 -0.512389 0.385284 0.409091 1.000000
-0.264029 -0.505514 0.410776 0.409091 1.000000
-0.192089 -0.500987 0.436269 0.409091 1.000000
-0.116671 -0.498277 0.461761 0.409091 1.000000
-0.039129 -0.497016 0.487254 0.409091 1.000000
0.039129 -0.497016 0.512746 0.409091 1.000000
0.116671 -0.498277 0.538239 0.409091 1.000000
0.192089 -0.500987 0.563731 0.409091 1.000000
0.264029 -0.505514 0.589224 0.409091 1.000000
0.331218 -0.512389 0.614716 0.409091 1.000000
0.392480 -0.522282 0.640209 0.409091 1.000000
0.446728 -0.535975 0.665701 0.409091 1.000000
0.492941 -0.554327 0.691194 0.409091 1.000000
0.530131 -0.578239 0.716687 0.409091 1.000000
0.557292 -0.608594 0.742179 0.409091 1.000000
0.573348 -0.646180 0.767672 0.409091 1.000000
0.577099 -0.691565 0.793164 0.409091 1.000000
0.567194 -0.744906 0.818657 0.409091 1.000000
0.542146 -0.805668 0.844149 0.409091 1.000000
0.500440 -0.872256 0.869642 0.409091 1.000000
0.440810 -0.941598 0.895134 0.409091 1.000000
0.362709 -1.008843 0.920627 0.409091 1.000000
-0.341595 -1.013160 0.092712 0.401515 1.000000
-0.416360 -0.951278 0.117396 0.401515 1.000000
-0.474055 -0.886764 0.142080 0.401515 1.000000
-0.514936 -0.824115 0.166764 0.401515 1.000000
-0.539986 -0.766316 0.191449 0.401515 1.000000
-0.550492 -0.715032 0.216133 0.401515 1.000000
-0.547779 -0.670937 0.240817 0.401515 1.000000
-0.533099 -0.634034 0.265501 0.401515 1.000000
-0.507592 -0.603902 0.290185 0.401515 1.000000
-0.472306 -0.579886 0.314869 0.401515 1.000000
-0.428231 -0.561210 0.339553 0.401515 1.000000
-0.376347 -0.547069 0.364237 0.401515 1.000000
-0.317663 -0.536681 0.388921 0.401515 1.000000
-0.253249 -0.529328 0.413606 0.401515 1.000000
-0.184256 -0.524394 0.438290 0.401515 1.000000
-0.111916 -0.521390 0.462974 0.401515 1.000000
-0.037534 -0.519975 0.487658 0.401515 1.000000
0.037534 -0.519975 0.512342 0.401515 1.000000
0.111916 -0.521390 0.537026 0.401515 1.000000
0.184256 -0.524394 0.561710 0.401515 1.000000
0.253249 -0.529328 0.586394 0.401515 1.000000
0.317663 -0.536681 0.611079 0.401515 1.000000
0.376347 -0.547069 0.635763 0.401515 1.000000
0.428231 -0.561210 0.660447 0.401515 1.000000
0.472306 -0.579886 0.685131 0.401515 1.000000
0.507592 -0.603902 0.709815 0.401515 1.000000
0.533099 -0.634034 0.734499 0.401515 1.000000
0.547779 -0.670937 0.759183 0.401515 1.000000
0.550492 -0.715032 0.783867 0.401515 1.000000
0.539986 -0.766316 0.808551 0.401515 1.000000
0.514936 -0.824115 0.833236 0.401515 1.000000
0.474055 -0.886764 0.857920 0.401515 1.000000
0.416360 -0.951278 0.882604 0.401515 1.000000
0.341595 -1.013160 0.907288 0.401515 1.000000
-0.320954 -1.016257 0.106973 0.393939 1.000000
-0.392282 -0.959493 0.130793 0.393939 1.000000
-0.447884 -0.899688 0.154613 0.393939 1.000000
-0.487774 -0.840976 0.178433 0.393939 1.000000
-0.512682 -0.786222 0.202253 0.393939 1.000000
-0.523679 -0.737124 0.226072 0.393939 1.000000
-0.521935 -0.694470 0.249892 0.393939 1.000000
-0.508595 -0.658401 0.273712 0.393939 1.000000
-0.484736 -0.628635 0.297532 0.393939 1.000000
-0.451367 -0.604641 0.321352 0.393939 1.000000
-0.409459 -0.585753 0.345171 0.393939 1.000000
-0.359977 -0.571259 0.368991 0.393939 1.000000
-0.303915 -0.560453 0.392811 0.393939 1.000000
-0.242323 -0.552686 0.416631 0.393939 1.000000
-0.176319 -0.547392 0.440451 0.393939 1.000000
-0.107099 -0.544125 0.464270 0.393939 1.000000
-0.035919 -0.542571 0.488090 0.393939 1.000000
0.035919 -0.542571 0.511910 0.393939 1.000000
0.107099 -0.544125 0.535730 0.393939 1.000000
0.176319 -0.547392 0.559549 0.393939 1.000000
0.242323 -0.552686 0.583369 0.393939 1.000000
0.303915 -0.560453 0.607189 0.393939 1.000000
0.359977 -0.571259 0.631009 0.393939 1.000000
0.409459 -0.585753 0.654829 0.393939 1.000000
0.451367 -0.604641 0.678648 0.393939 1.000000
0.484736 -0.628635 0.702468 0.393939 1.000000
0.508595 -0.658401 0.726288 0.393939 1.000000
0.521935 -0.694470 0.750108 0.393939 1.000000
0.523679 -0.737124 0.773928 0.393939 1.000000
0.512682 -0.786222 0.797747 0.393939 1.000000
0.487774 -0.840976 0.821567 0.393939 1.000000
0.447884 -0.899688 0.845387 0.393939 1.000000
0.392282 -0.959493 0.869207 0.393939 1.000000
0.320954 -1.016257 0.893027 0.393939 1.000000
-0.300771 -1.018196 0.122125 0.386364 1.000000
-0.368573 -0.966304 0.145027 0.386364 1.000000
-0.421938 -0.911075 0.167928 0.386364 1.000000
-0.460679 -0.856280 0.190830 0.386364 1.000000
-0.485304 -0.804635 0.213731 0.386364 1.000000
-0.496682 -0.757841 0.236633 0.386364 1.000000
-0.495831 -0.716769 0.259534 0.386364 1.000000
-0.483790 -0.681680 0.282436 0.386364 1.000000
-0.461566 -0.652421 0.305337 0.386364 1.000000
-0.430125 -0.628577 0.328239 0.386364 1.000000
-0.390410 -0.609591 0.351140 0.386364 1.000000
-0.343367 -0.594840 0.374042 0.386364 1.000000
-0.289970 -0.583698 0.396943 0.386364 1.000000
-0.231242 -0.575581 0.419845 0.386364 1.000000
-0.168274 -0.569976 0.442746 0.386364 1.000000
-0.102217 -0.566478 0.465648 0.386364 1.000000
-0.034283 -0.564802 0.488549 0.386364 1.000000
0.034283 -0.564802 0.511451 0.386364 1.000000
0.102217 -0.566478 0.534352 0.386364 1.000000
0.168274 -0.569976 0.557254 0.386364 1.000000
0.231242 -0.575581 0.580155 0.386364 1.000000
0.289970 -0.583698 0.603057 0.386364 1.000000
0.343367 -0.594840 0.625958 0.386364 1.000000
0.390410 -0.609591 0.648860 0.386364 1.000000
0.430125 -0.628577 0.671761 0.386364 1.000000
0.461566 -0.652421 0.694663 0.386364 1.000000
0.483790 -0.681680 0.717564 0.386364 1.000000
0.495831 -0.716769 0.740466 0.386364 1.000000
0.496682 -0.757841 0.763367 0.386364 1.000000
0.485304 -0.804635 0.786269 0.386364 1.000000
0.460679 -0.856280 0.809170 0.386364 1.000000
0.421938 -0.911075 0.832072 0.386364 1.000000
0.368573 -0.966304 0.854973 0.386364 1.000000
0.300771 -1.018196 0.877875 0.386364 1.000000
-0.281028 -1.019028 0.138133 0.378788 1.000000
-0.345231 -0.971767 0.160064 0.378788 1.000000
-0.396227 -0.920974 0.181996 0.378788 1.000000
-0.433670 -0.870059 0.203927 0.378788 1.000000
-0.457871 -0.821571 0.225858 0.378788 1.000000
-0.469518 -0.777182 0.247790 0.378788 1.000000
-0.469483 -0.737824 0.269721 0.378788 1.000000
-0.458695 -0.703857 0.291652 0.378788 1.000000
-0.438089 -0.675243 0.313584 0.378788 1.000000
-0.408581 -0.651679 0.335515 0.378788 1.000000
-0.371083 -0.632710 0.357446 0.378788 1.000000
-0.326513 -0.617802 0.379378 0.378788 1.000000
-0.275821 -0.606407 0.401309 0.378788 1.000000
-0.220004 -0.598006 0.423240 0.378788 1.000000
-0.160116 -0.592142 0.445172 0.378788 1.000000
-0.097269 -0.588447 0.467103 0.378788 1.000000
-0.032624 -0.586665 0.489034 0.378788 1.000000
0.032624 -0.586665 0.510966 0.378788 1.000000
0.097269 -0.588447 0.532897 0.378788 1.000000
0.160116 -0.592142 0.554828 0.378788 1.000000
0.220004 -0.598006 0.576760 0.378788 1.000000
0.275821 -0.606407 0.598691 0.378788 1.000000
0.326513 -0.617802 0.620622 0.378788 1.000000
0.371083 -0.632710 0.642554 0.378788 1.000000
0.408581 -0.651679 0.664485 0.378788 1.000000
0.438089 -0.675243 0.686416 0.378788 1.000000
0.458695 -0.703857 0.708348 0.378788 1.000000
0.469483 -0.737824 0.730279 0.378788 1.000000
0.469518 -0.777182 0.752210 0.378788 1.000000
0.457871 -0.821571 0.774142 0.378788 1.000000
0.433670 -0.870059 0.796073 0.378788 1.000000
0.396227 -0.920974 0.818004 0.378788 1.000000
0.345231 -0.971767 0.839936 0.378788 1.000000
0.281028 -1.019028 0.861867 0.378788 1.000000
-0.261711 -1.018806 0.154960 0.371212 1.000000
-0.322253 -0.975937 0.175872 0.371212 1.000000
-0.370759 -0.929430 0.196783 0.371212 1.000000
-0.406762 -0.882344 0.217695 0.371212 1.000000
-0.430404 -0.837043 0.238606 0.371212 1.000000
-0.442208 -0.795148 0.259518 0.371212 1.000000
-0.442905 -0.757625 0.280429 0.371212 1.000000
-0.433321 -0.724917 0.301341 0.371212 1.000000
-0.414311 -0.697085 0.322252 0.371212 1.000000
-0.386739 -0.673931 0.343164 0.371212 1.000000
-0.351476 -0.655094 0.364075 0.371212 1.000000
-0.309411 -0.640131 0.384987 0.371212 1.000000
-0.261464 -0.628570 0.405898 0.371212 1.000000
-0.208602 -0.619955 0.426810 0.371212 1.000000
-0.151841 -0.613883 0.447721 0.371212 1.000000
-0.092250 -0.610026 0.468633 0.371212 1.000000
-0.030942 -0.608157 0.489544 0.371212 1.000000
0.030942 -0.608157 0.510456 0.371212 1.000000
0.092250 -0.610026 0.531367 0.371212 1.000000
0.151841 -0.613883 0.552279 0.371212 1.000000
0.208602 -0.619955 0.573190 0.371212 1.000000
0.261464 -0.628570 0.594102 0.371212 1.000000
0.309411 -0.640131 0.615013 0.371212 1.000000
0.351476 -0.655094 0.635925 0.371212 1.000000
0.386739 -0.673931 0.656836 0.371212 1.000000
0.414311 -0.697085 0.677748 0.371212 1.000000
0.433321 -0.724917 0.698659 0.371212 1.000000
0.442905 -0.757625 0.719571 0.371212 1.000000
0.442208 -0.795148 0.740482 0.371212 1.000000
0.430404 -0.837043 0.761394 0.371212 1.000000
0.406762 -0.882344 0.782305 0.371212 1.000000
0.370759 -0.929430 0.803217 0.371212 1.000000
0.322253 -0.975937 0.824128 0.371212 1.000000
0.261711 -1.018806 0.845040 0.371212 1.000000
-0.242804 -1.017573 0.172570 0.363636 1.000000
-0.299634 -0.978863 0.192414 0.363636 1.000000
-0.345543 -0.936487 0.212258 0.363636 1.000000
-0.379972 -0.893166 0.232102 0.363636 1.000000
-0.402922 -0.851067 0.251947 0.363636 1.000000
-0.414769 -0.811741 0.271791 0.363636 1.000000
-0.416115 -0.776165 0.291635 0.363636 1.000000
-0.407679 -0.744846 0.311479 0.363636 1.000000
-0.390239 -0.717931 0.331324 0.363636 1.000000
-0.364599 -0.695315 0.351168 0.363636 1.000000
-0.331588 -0.676730 0.371012 0.363636 1.000000
-0.292057 -0.661817 0.390857 0.363636 1.000000
-0.246895 -0.650178 0.410701 0.363636 1.000000
-0.197032 -0.641421 0.430545 0.363636 1.000000
-0.143445 -0.635195 0.450389 0.363636 1.000000
-0.087159 -0.631214 0.470234 0.363636 1.000000
-0.029236 -0.629275 0.490078 0.363636 1.000000
0.029236 -0.629275 0.509922 0.363636 1.000000
0.087159 -0.631214 0.529766 0.363636 1.000000
0.143445 -0.635195 0.549611 0.363636 1.000000
0.197032 -0.641421 0.569455 0.363636 1.000000
0.246895 -0.650178 0.589299 0.363636 1.000000
0.292057 -0.661817 0.609143 0.363636 1.000000
0.331588 -0.676730 0.628988 0.363636 1.000000
0.364599 -0.695315 0.648832 0.363636 1.000000
0.390239 -0.717931 0.668676 0.363636 1.000000
0.407679 -0.744846 0.688521 0.363636 1.000000
0.416115 -0.776165 0.708365 0.363636 1.000000
0.414769 -0.811741 0.728209 0.363636 1.000000
0.402922 -0.851067 0.748053 0.363636 1.000000
0.379972 -0.893166 0.767898 0.363636 1.000000
0.345543 -0.936487 0.787742 0.363636 1.000000
0.299634 -0.978863 0.807586 0.363636 1.000000
0.242804 -1.017573 0.827430 0.363636 1.000000
-0.224294 -1.015372 0.190921 0.356061 1.000000
-0.277369 -0.980594 0.209653 0.356061 1.000000
-0.320583 -0.942189 0.228385 0.356061 1.000000
-0.353313 -0.902555 0.247117 0.356061 1.000000
-0.375443 -0.863659 0.265849 0.356061 1.000000
-0.387222 -0.826963 0.284581 0.356061 1.000000
-0.389129 -0.793437 0.303313 0.356061 1.000000
-0.381782 -0.763630 0.322045 0.356061 1.000000
-0.365880 -0.737763 0.340777 0.356061 1.000000
-0.342165 -0.715815 0.359509 0.356061 1.000000
-0.311418 -0.697602 0.378241 0.356061 1.000000
-0.274449 -0.682846 0.396974 0.356061 1.000000
-0.232109 -0.671220 0.415706 0.356061 1.000000
-0.185288 -0.662397 0.434438 0.356061 1.000000
-0.134923 -0.656074 0.453170 0.356061 1.000000
-0.081991 -0.652006 0.471902 0.356061 1.000000
-0.027504 -0.650018 0.490634 0.356061 1.000000
0.027504 -0.650018 0.509366 0.356061 1.000000
0.081991 -0.652006 0.528098 0.356061 1.000000
0.134923 -0.656074 0.546830 0.356061 1.000000
0.185288 -0.662397 0.565562 0.356061 1.000000
0.232109 -0.671220 0.584294 0.356061 1.000000
0.274449 -0.682846 0.603026 0.356061 1.000000
0.311418 -0.697602 0.621759 0.356061 1.000000
0.342165 -0.715815 0.640491 0.356061 1.000000
0.365880 -0.737763 0.659223 0.356061 1.000000
0.381782 -0.763630 0.677955 0.356061 1.000000
0.389129 -0.793437 0.696687 0.356061 1.000000
0.387222 -0.826963 0.715419 0.356061 1.000000
0.375443 -0.863659 0.734151 0.356061 1.000000
0.353313 -0.902555 0.752883 0.356061 1.000000
0.320583 -0.942189 0.771615 0.356061 1.000000
0.277369 -0.980594 0.790347 0.356061 1.000000
0.224294 -1.015372 0.809079 0.356061 1.000000
-0.206165 -1.012241 0.209972 0.348485 1.000000
-0.255455 -0.981173 0.227549 0.348485 1.000000
-0.295887 -0.946576 0.245127 0.348485 1.000000
-0.326799 -0.910541 0.262704 0.348485 1.000000
-0.347987 -0.874836 0.280281 0.348485 1.000000
-0.359584 -0.840819 0.297859 0.348485 1.000000
-0.361962 -0.809433 0.315436 0.348485 1.000000
-0.355642 -0.781256 0.333014 0.348485 1.000000
-0.341242 -0.756565 0.350591 0.348485 1.000000
-0.319441 -0.735413 0.368169 0.348485 1.000000
-0.290967 -0.717694 0.385746 0.348485 1.000000
-0.256584 -0.703204 0.403324 0.348485 1.000000
-0.217101 -0.691687 0.420901 0.348485 1.000000
-0.173367 -0.682874 0.438479 0.348485 1.000000
-0.126272 -0.676515 0.456056 0.348485 1.000000
-0.076746 -0.672400 0.473634 0.348485 1.000000
-0.025746 -0.670381 0.491211 0.348485 1.000000
0.025746 -0.670381 0.508789 0.348485 1.000000
0.076746 -0.672400 0.526366 0.348485 1.000000
0.126272 -0.676515 0.543944 0.348485 1.000000
0.173367 -0.682874 0.561521 0.348485 1.000000
0.217101 -0.691687 0.579099 0.348485 1.000000
0.256584 -0.703204 0.596676 0.348485 1.000000
0.290967 -0.717694 0.614254 0.348485 1.000000
0.319441 -0.735413 0.631831 0.348485 1.000000
0.341242 -0.756565 0.649409 0.348485 1.000000
0.355642 -0.781256 0.666986 0.348485 1.000000
0.361962 -0.809433 0.684564 0.348485 1.000000
0.359584 -0.840819 0.702141 0.348485 1.000000
0.347987 -0.874836 0.719719 0.348485 1.000000
0.326799 -0.910541 0.737296 0.348485 1.000000
0.295887 -0.946576 0.754873 0.348485 1.000000
0.255455 -0.981173 0.772451 0.348485 1.000000
0.206165 -1.012241 0.790028 0.348485 1.000000
-0.188405 -1.008215 0.229680 0.340909 1.000000
-0.233886 -0.980642 0.246063 0.340909 1.000000
-0.271458 -0.949687 0.262446 0.340909 1.000000
-0.300444 -0.917156 0.278829 0.340909 1.000000
-0.320569 -0.884616 0.295212 0.340909 1.000000
-0.331874 -0.853313 0.311595 0.340909 1.000000
-0.334631 -0.824149 0.327978 0.340909 1.000000
-0.329271 -0.797710 0.344361 0.340909 1.000000
-0.316333 -0.774320 0.360744 0.340909 1.000000
-0.296431 -0.754091 0.377127 0.340909 1.000000
-0.270234 -0.736990 0.393510 0.340909 1.000000
-0.238459 -0.722879 0.409893 0.340909 1.000000
-0.201868 -0.711568 0.426276 0.340909 1.000000
-0.161263 -0.702847 0.442659 0.340909 1.000000
-0.117487 -0.696512 0.459042 0.340909 1.000000
-0.071418 -0.692392 0.475425 0.340909 1.000000
-0.023961 -0.690365 0.491808 0.340909 1.000000
0.023961 -0.690365 0.508192 0.340909 1.000000
0.071418 -0.692392 0.524575 0.340909 1.000000
0.117487 -0.696512 0.540958 0.340909 1.000000
0.161263 -0.702847 0.557341 0.340909 1.000000
0.201868 -0.711568 0.573724 0.340909 1.000000
0.238459 -0.722879 0.590107 0.340909 1.000000
0.270234 -0.736990 0.606490 0.340909 1.000000
0.296431 -0.754091 0.622873 0.340909 1.000000
0.316333 -0.774320 0.639256 0.340909 1.000000
0.329271 -0.797710 0.655639 0.340909 1.000000
0.334631 -0.824149 0.672022 0.340909 1.000000
0.331874 -0.853313 0.688405 0.340909 1.000000
0.320569 -0.884616 0.704788 0.340909 1.000000
0.300444 -0.917156 0.721171 0.340909 1.000000
0.271458 -0.949687 0.737554 0.340909 1.000000
0.233886 -0.980642 0.753937 0.340909 1.000000
0.188405 -1.008215 0.770320 0.340909 1.000000
-0.171002 -1.003328 0.250000 0.333333 1.000000
-0.212656 -0.979041 0.265152 0.333333 1.000000
-0.247300 -0.951561 0.280303 0.333333 1.000000
-0.274258 -0.922428 0.295455 0.333333 1.000000
-0.293206 -0.893017 0.310606 0.333333 1.000000
-0.304109 -0.864451 0.325758 0.333333 1.000000
-0.307153 -0.837578 0.340909 0.333333 1.000000
-0.302684 -0.812981 0.356061 0.333333 1.000000
-0.291163 -0.791011 0.371212 0.333333 1.000000
-0.273138 -0.771833 0.386364 0.333333 1.000000
-0.249220 -0.755472 0.401515 0.333333 1.000000
-0.220072 -0.741855 0.416667 0.333333 1.000000
-0.186405 -0.730852 0.431818 0.333333 1.000000
-0.148972 -0.722306 0.446970 0.333333 1.000000
-0.108565 -0.716060 0.462121 0.333333 1.000000
-0.066007 -0.711979 0.477273 0.333333 1.000000
-0.022147 -0.709965 0.492424 0.333333 1.000000
0.022147 -0.709965 0.507576 0.333333 1.000000
0.066007 -0.711979 0.522727 0.333333 1.000000
0.108565 -0.716060 0.537879 0.333333 1.000000
0.148972 -0.722306 0.553030 0.333333 1.000000
0.186405 -0.730852 0.568182 0.333333 1.000000
0.220072 -0.741855 0.583333 0.333333 1.000000
0.249220 -0.755472 0.598485 0.333333 1.000000
0.273138 -0.771833 0.613636 0.333333 1.000000
0.291163 -0.791011 0.628788 0.333333 1.000000
0.302684 -0.812981 0.643939 0.333333 1.000000
0.307153 -0.837578 0.659091 0.333333 1.000000
0.304109 -0.864451 0.674242 0.333333 1.000000
0.293206 -0.893017 0.689394 0.333333 1.000000
0.274258 -0.922428 0.704545 0.333333 1.000000
0.247300 -0.951561 0.719697 0.333333 1.000000
0.212656 -0.979041 0.734848 0.333333 1.000000
0.171002 -1.003328 0.750000 0.333333 1.000000
-0.153943 -0.997608 0.270887 0.325758 1.000000
-0.191762 -0.976405 0.284772 0.325758 1.000000
-0.223417 -0.952233 0.298658 0.325758 1.000000
-0.248253 -0.926388 0.312544 0.325758 1.000000
-0.265915 -0.900056 0.326429 0.325758 1.000000
-0.276309 -0.874239 0.340315 0.325758 1.000000
-0.279545 -0.849717 0.354201 0.325758 1.000000
-0.275893 -0.827056 0.368086 0.325758 1.000000
-0.265741 -0.806622 0.381972 0.325758 1.000000
-0.249569 -0.788620 0.395858 0.325758 1.000000
-0.227926 -0.773124 0.409743 0.325758 1.000000
-0.201421 -0.760118 0.423629 0.325758 1.000000
-0.170709 -0.749527 0.437515 0.325758 1.000000
-0.136489 -0.741243 0.451400 0.325758 1.000000
-0.099500 -0.735154 0.465286 0.325758 1.000000
-0.060508 -0.731159 0.479172 0.325758 1.000000
-0.020305 -0.729181 0.493057 0.325758 1.000000
0.020305 -0.729181 0.506943 0.325758 1.000000
0.060508 -0.731159 0.520828 0.325758 1.000000
0.099500 -0.735154 0.534714 0.325758 1.000000
0.136489 -0.741243 0.548600 0.325758 1.000000
0.170709 -0.749527 0.562485 0.325758 1.000000
0.201421 -0.760118 0.576371 0.325758 1.000000
0.227926 -0.773124 0.590257 0.325758 1.000000
0.249569 -0.788620 0.604142 0.325758 1.000000
0.265741 -0.806622 0.618028 0.325758 1.000000
0.275893 -0.827056 0.631914 0.325758 1.000000
0.279545 -0.849717 0.645799 0.325758 1.000000
0.276309 -0.874239 0.659685 0.325758 1.000000
0.265915 -0.900056 0.673571 0.325758 1.000000
0.248253 -0.926388 0.687456 0.325758 1.000000
0.223417 -0.952233 0.701342 0.325758 1.000000
0.191762 -0.976405 0.715228 0.325758 1.000000
0.153943 -0.997608 0.729113 0.325758 1.000000
-0.137216 -0.991085 0.292292 0.318182 1.000000
-0.171196 -0.972771 0.304881 0.318182 1.000000
-0.199811 -0.951738 0.317469 0.318182 1.000000
-0.222438 -0.929063 0.330057 0.318182 1.000000
-0.238711 -0.905753 0.342646 0.318182 1.000000
-0.248490 -0.882684 0.355234 0.318182 1.000000
-0.251823 -0.860563 0.367822 0.318182 1.000000
-0.248912 -0.839923 0.380411 0.318182 1.000000
-0.240076 -0.821137 0.392999 0.318182 1.000000
-0.225727 -0.804433 0.405587 0.318182 1.000000
-0.206353 -0.789928 0.418176 0.318182 1.000000
-0.182503 -0.777653 0.430764 0.318182 1.000000
-0.154774 -0.767581 0.443352 0.318182 1.000000
-0.123810 -0.759650 0.455941 0.318182 1.000000
-0.090289 -0.753789 0.468529 0.318182 1.000000
-0.054919 -0.749927 0.481117 0.318182 1.000000
-0.018431 -0.748010 0.493706 0.318182 1.000000
0.018431 -0.748010 0.506294 0.318182 1.000000
0.054919 -0.749927 0.518883 0.318182 1.000000
0.090289 -0.753789 0.531471 0.318182 1.000000
0.123810 -0.759650 0.544059 0.318182 1.000000
0.154774 -0.767581 0.556648 0.318182 1.000000
0.182503 -0.777653 0.569236 0.318182 1.000000
0.206353 -0.789928 0.581824 0.318182 1.000000
0.225727 -0.804433 0.594413 0.318182 1.000000
0.240076 -0.821137 0.607001 0.318182 1.000000
0.248912 -0.839923 0.619589 0.318182 1.000000
0.251823 -0.860563 0.632178 0.318182 1.000000
0.248490 -0.882684 0.644766 0.318182 1.000000
0.238711 -0.905753 0.657354 0.318182 1.000000
0.222438 -0.929063 0.669943 0.318182 1.000000
0.199811 -0.951738 0.682531 0.318182 1.000000
0.171196 -0.972771 0.695119 0.318182 1.000000
0.137216 -0.991085 0.707708 0.318182 1.000000
-0.120811 -0.983783 0.314169 0.310606 1.000000
-0.150953 -0.968169 0.325431 0.310606 1.000000
-0.176483 -0.950110 0.336694 0.310606 1.000000
-0.196823 -0.930482 0.347956 0.310606 1.000000
-0.211608 -0.910127 0.359219 0.310606 1.000000
-0.220669 -0.889795 0.370481 0.310606 1.000000
-0.224005 -0.870112 0.381744 0.310606 1.000000
-0.221756 -0.851573 0.393006 0.310606 1.000000
-0.214178 -0.834539 0.404269 0.310606 1.000000
-0.201619 -0.819255 0.415531 0.310606 1.000000
-0.184503 -0.805867 0.426794 0.310606 1.000000
-0.163316 -0.794444 0.438056 0.310606 1.000000
-0.138598 -0.785001 0.449319 0.310606 1.000000
-0.110929 -0.777519 0.460581 0.310606 1.000000
-0.080927 -0.771959 0.471844 0.310606 1.000000
-0.049237 -0.768281 0.483106 0.310606 1.000000
-0.016526 -0.766452 0.494369 0.310606 1.000000
0.016526 -0.766452 0.505631 0.310606 1.000000
0.049237 -0.768281 0.516894 0.310606 1.000000
0.080927 -0.771959 0.528156 0.310606 1.000000
0.110929 -0.777519 0.539419 0.310606 1.000000
0.138598 -0.785001 0.550681 0.310606 1.000000
0.163316 -0.794444 0.561944 0.310606 1.000000
0.184503 -0.805867 0.573206 0.310606 1.000000
0.201619 -0.819255 0.584469 0.310606 1.000000
0.214178 -0.834539 0.595731 0.310606 1.000000
0.221756 -0.851573 0.606994 0.310606 1.000000
0.224005 -0.870112 0.618256 0.310606 1.000000
0.220669 -0.889795 0.629519 0.310606 1.000000
0.211608 -0.910127 0.640781 0.310606 1.000000
0.196823 -0.930482 0.652044 0.310606 1.000000
0.176483 -0.950110 0.663306 0.310606 1.000000
0.150953 -0.968169 0.674569 0.310606 1.000000
0.120811 -0.983783 0.685831 0.310606 1.000000
-0.104718 -0.975726 0.336466 0.303030 1.000000
-0.131028 -0.962631 0.346377 0.303030 1.000000
-0.153436 -0.947381 0.356288 0.303030 1.000000
-0.171417 -0.930674 0.366199 0.303030 1.000000
-0.184621 -0.913198 0.376111 0.303030 1.000000
-0.192864 -0.895580 0.386022 0.303030 1.000000
-0.196107 -0.878365 0.395933 0.303030 1.000000
-0.194439 -0.861995 0.405844 0.303030 1.000000
-0.188058 -0.846813 0.415755 0.303030 1.000000
-0.177250 -0.833066 0.425666 0.303030 1.000000
-0.162377 -0.820920 0.435578 0.303030 1.000000
-0.143860 -0.810473 0.445489 0.303030 1.000000
-0.122176 -0.801775 0.455400 0.303030 1.000000
-0.097841 -0.794839 0.465311 0.303030 1.000000
-0.071409 -0.789659 0.475222 0.303030 1.000000
-0.043458 -0.786219 0.485133 0.303030 1.000000
-0.014589 -0.784504 0.495044 0.303030 1.000000
0.014589 -0.784504 0.504956 0.303030 1.000000
0.043458 -0.786219 0.514867 0.303030 1.000000
0.071409 -0.789659 0.524778 0.303030 1.000000
0.097841 -0.794839 0.534689 0.303030 1.000000
0.122176 -0.801775 0.544600 0.303030 1.000000
0.143860 -0.810473 0.554511 0.303030 1.000000
0.162377 -0.820920 0.564422 0.303030 1.000000
0.177250 -0.833066 0.574334 0.303030 1.000000
0.188058 -0.846813 0.584245 0.303030 1.000000
0.194439 -0.861995 0.594156 0.303030 1.000000
0.196107 -0.878365 0.604067 0.303030 1.000000
0.192864 -0.895580 0.613978 0.303030 1.000000
0.184621 -0.913198 0.623889 0.303030 1.000000
0.171417 -0.930674 0.633801 0.303030 1.000000
0.153436 -0.947381 0.643712 0.303030 1.000000
0.131028 -0.962631 0.653623 0.303030 1.000000
0.104718 -0.975726 0.663534 0.303030 1.000000
-0.088926 -0.966937 0.359134 0.295455 1.000000
-0.111416 -0.956186 0.367671 0.295455 1.000000
-0.130670 -0.943581 0.376208 0.295455 1.000000
-0.146227 -0.929665 0.384746 0.295455 1.000000
-0.157763 -0.914984 0.393283 0.295455 1.000000
-0.165090 -0.900050 0.401820 0.295455 1.000000
-0.168146 -0.885319 0.410358 0.295455 1.000000
-0.166977 -0.871180 0.418895 0.295455 1.000000
-0.161728 -0.857943 0.427433 0.295455 1.000000
-0.152629 -0.845848 0.435970 0.295455 1.000000
-0.139977 -0.835070 0.444507 0.295455 1.000000
-0.124133 -0.825725 0.453045 0.295455 1.000000
-0.105504 -0.817889 0.461582 0.295455 1.000000
-0.084542 -0.811602 0.470119 0.295455 1.000000
-0.061731 -0.806882 0.478657 0.295455 1.000000
-0.037580 -0.803737 0.487194 0.295455 1.000000
-0.012617 -0.802165 0.495731 0.295455 1.000000
0.012617 -0.802165 0.504269 0.295455 1.000000
0.037580 -0.803737 0.512806 0.295455 1.000000
0.061731 -0.806882 0.521343 0.295455 1.000000
0.084542 -0.811602 0.529881 0.295455 1.000000
0.105504 -0.817889 0.538418 0.295455 1.000000
0.124133 -0.825725 0.546955 0.295455 1.000000
0.139977 -0.835070 0.555493 0.295455 1.000000
0.152629 -0.845848 0.564030 0.295455 1.000000
0.161728 -0.857943 0.572567 0.295455 1.000000
0.166977 -0.871180 0.581105 0.295455 1.000000
0.168146 -0.885319 0.589642 0.295455 1.000000
0.165090 -0.900050 0.598180 0.295455 1.000000
0.157763 -0.914984 0.606717 0.295455 1.000000
0.146227 -0.929665 0.615254 0.295455 1.000000
0.130670 -0.943581 0.623792 0.295455 1.000000
0.111416 -0.956186 0.632329 0.295455 1.000000
0.088926 -0.966937 0.640866 0.295455 1.000000
-0.073425 -0.957435 0.382121 0.287879 1.000000
-0.092111 -0.948860 0.389265 0.287879 1.000000
-0.108187 -0.938740 0.396409 0.287879 1.000000
-0.121260 -0.927483 0.403553 0.287879 1.000000
-0.131046 -0.915506 0.410697 0.287879 1.000000
-0.137365 -0.903214 0.417842 0.287879 1.000000
-0.140139 -0.890976 0.424986 0.287879 1.000000
-0.139384 -0.879118 0.432130 0.287879 1.000000
-0.135199 -0.867913 0.439274 0.287879 1.000000
-0.127760 -0.857582 0.446418 0.287879 1.000000
-0.117306 -0.848296 0.453563 0.287879 1.000000
-0.104132 -0.840182 0.460707 0.287879 1.000000
-0.088579 -0.833328 0.467851 0.287879 1.000000
-0.071026 -0.827796 0.474995 0.287879 1.000000
-0.051887 -0.823623 0.482139 0.287879 1.000000
-0.031598 -0.820832 0.489284 0.287879 1.000000
-0.010610 -0.819434 0.496428 0.287879 1.000000
0.010610 -0.819434 0.503572 0.287879 1.000000
0.031598 -0.820832 0.510716 0.287879 1.000000
0.051887 -0.823623 0.517861 0.287879 1.000000
0.071026 -0.827796 0.525005 0.287879 1.000000
0.088579 -0.833328 0.532149 0.287879 1.000000
0.104132 -0.840182 0.539293 0.287879 1.000000
0.117306 -0.848296 0.546437 0.287879 1.000000
0.127760 -0.857582 0.553582 0.287879 1.000000
0.135199 -0.867913 0.560726 0.287879 1.000000
0.139384 -0.879118 0.567870 0.287879 1.000000
0.140139 -0.890976 0.575014 0.287879 1.000000
0.137365 -0.903214 0.582158 0.287879 1.000000
0.131046 -0.915506 0.589303 0.287879 1.000000
0.121260 -0.927483 0.596447 0.287879 1.000000
0.108187 -0.938740 0.603591 0.287879 1.000000
0.092111 -0.948860 0.610735 0.287879 1.000000
0.073425 -0.957435 0.617879 0.287879 1.000000
-0.058208 -0.947239 0.405374 0.280303 1.000000
-0.073107 -0.940678 0.411109 0.280303 1.000000
-0.085985 -0.932886 0.416844 0.280303 1.000000
-0.096524 -0.924153 0.422579 0.280303 1.000000
-0.104484 -0.914784 0.428314 0.280303 1.000000
-0.109704 -0.905083 0.434049 0.280303 1.000000
-0.112103 -0.895336 0.439784 0.280303 1.000000
-0.111675 -0.885802 0.445519 0.280303 1.000000
-0.108483 -0.876709 0.451253 0.280303 1.000000
-0.102653 -0.868249 0.456988 0.280303 1.000000
-0.094367 -0.860579 0.462723 0.280303 1.000000
-0.083857 -0.853824 0.468458 0.280303 1.000000
-0.071395 -0.848078 0.474193 0.280303 1.000000
-0.057288 -0.843412 0.479928 0.280303 1.000000
-0.041874 -0.839876 0.485663 0.280303 1.000000
-0.025509 -0.837501 0.491398 0.280303 1.000000
-0.008567 -0.836310 0.497133 0.280303 1.000000
0.008567 -0.836310 0.502867 0.280303 1.000000
0.025509 -0.837501 0.508602 0.280303 1.000000
0.041874 -0.839876 0.514337 0.280303 1.000000
0.057288 -0.843412 0.520072 0.280303 1.000000
0.071395 -0.848078 0.525807 0.280303 1.000000
0.083857 -0.853824 0.531542 0.280303 1.000000
0.094367 -0.860579 0.537277 0.280303 1.000000
0.102653 -0.868249 0.543012 0.280303 1.000000
0.108483 -0.876709 0.548747 0.280303 1.000000
0.111675 -0.885802 0.554481 0.280303 1.000000
0.112103 -0.895336 0.560216 0.280303 1.000000
0.109704 -0.905083 0.565951 0.280303 1.000000
0.104484 -0.914784 0.571686 0.280303 1.000000
0.096524 -0.924153 0.577421 0.280303 1.000000
0.085985 -0.932886 0.583156 0.280303 1.000000
0.073107 -0.940678 0.588891 0.280303 1.000000
0.058208 -0.947239 0.594626 0.280303 1.000000
-0.043264 -0.936368 0.428843 0.272727 1.000000
-0.054399 -0.931665 0.433155 0.272727 1.000000
-0.064066 -0.926045 0.437468 0.272727 1.000000
-0.072025 -0.919700 0.441780 0.272727 1.000000
-0.078087 -0.912839 0.446093 0.272727 1.000000
-0.082122 -0.905670 0.450405 0.272727 1.000000
-0.084054 -0.898401 0.454718 0.272727 1.000000
-0.083866 -0.891224 0.459031 0.272727 1.000000
-0.081591 -0.884315 0.463343 0.272727 1.000000
-0.077314 -0.877829 0.467656 0.272727 1.000000
-0.071164 -0.871898 0.471968 0.272727 1.000000
-0.063307 -0.866633 0.476281 0.272727 1.000000
-0.053950 -0.862123 0.480593 0.272727 1.000000
-0.043323 -0.858439 0.484906 0.272727 1.000000
-0.031684 -0.855633 0.489219 0.272727 1.000000
-0.019309 -0.853742 0.493531 0.272727 1.000000
-0.006486 -0.852791 0.497844 0.272727 1.000000
0.006486 -0.852791 0.502156 0.272727 1.000000
0.019309 -0.853742 0.506469 0.272727 1.000000
0.031684 -0.855633 0.510781 0.272727 1.000000
0.043323 -0.858439 0.515094 0.272727 1.000000
0.053950 -0.862123 0.519407 0.272727 1.000000
0.063307 -0.866633 0.523719 0.272727 1.000000
0.071164 -0.871898 0.528032 0.272727 1.000000
0.077314 -0.877829 0.532344 0.272727 1.000000
0.081591 -0.884315 0.536657 0.272727 1.000000
0.083866 -0.891224 0.540969 0.272727 1.000000
0.084054 -0.898401 0.545282 0.272727 1.000000
0.082122 -0.905670 0.549595 0.272727 1.000000
0.078087 -0.912839 0.553907 0.272727 1.000000
0.072025 -0.919700 0.558220 0.272727 1.000000
0.064066 -0.926045 0.562532 0.272727 1.000000
0.054399 -0.931665 0.566845 0.272727 1.000000
0.043264 -0.936368 0.571157 0.272727 1.000000
-0.028587 -0.924838 0.452472 0.265152 1.000000
-0.035982 -0.921844 0.455352 0.265152 1.000000
-0.042430 -0.918245 0.458233 0.265152 1.000000
-0.047768 -0.914152 0.461113 0.265152 1.000000
-0.051868 -0.909689 0.463994 0.265152 1.000000
-0.054634 -0.904987 0.466874 0.265152 1.000000
-0.056010 -0.900174 0.469755 0.265152 1.000000
-0.055973 -0.895379 0.472635 0.265152 1.000000
-0.054538 -0.890719 0.475516 0.265152 1.000000
-0.051753 -0.886304 0.478396 0.265152 1.000000
-0.047698 -0.882233 0.481277 0.265152 1.000000
-0.042482 -0.878589 0.484157 0.265152 1.000000
-0.036238 -0.875447 0.487038 0.265152 1.000000
-0.029123 -0.872864 0.489918 0.265152 1.000000
-0.021312 -0.870887 0.492799 0.265152 1.000000
-0.012993 -0.869551 0.495679 0.265152 1.000000
-0.004366 -0.868877 0.498560 0.265152 1.000000
0.004366 -0.868877 0.501440 0.265152 1.000000
0.012993 -0.869551 0.504321 0.265152 1.000000
0.021312 -0.870887 0.507201 0.265152 1.000000
0.029123 -0.872864 0.510082 0.265152 1.000000
0.036238 -0.875447 0.512962 0.265152 1.000000
0.042482 -0.878589 0.515843 0.265152 1.000000
0.047698 -0.882233 0.518723 0.265152 1.000000
0.051753 -0.886304 0.521604 0.265152 1.000000
0.054538 -0.890719 0.524484 0.265152 1.000000
0.055973 -0.895379 0.527365 0.265152 1.000000
0.056010 -0.900174 0.530245 0.265152 1.000000
0.054634 -0.904987 0.533126 0.265152 1.000000
0.051868 -0.909689 0.536006 0.265152 1.000000
0.047768 -0.914152 0.538887 0.265152 1.000000
0.042430 -0.918245 0.541767 0.265152 1.000000
0.035982 -0.921844 0.544648 0.265152 1.000000
0.028587 -0.924838 0.547528 0.265152 1.000000
-0.014168 -0.912664 0.476209 0.257576 1.000000
-0.017851 -0.911236 0.477651 0.257576 1.000000
-0.021074 -0.909508 0.479093 0.257576 1.000000
-0.023758 -0.907530 0.480535 0.257576 1.000000
-0.025835 -0.905356 0.481977 0.257576 1.000000
-0.027256 -0.903046 0.483418 0.257576 1.000000
-0.027987 -0.900659 0.484860 0.257576 1.000000
-0.028013 -0.898259 0.486302 0.257576 1.000000
-0.027337 -0.895905 0.487744 0.257576 1.000000
-0.025979 -0.893654 0.489186 0.257576 1.000000
-0.023976 -0.891561 0.490628 0.257576 1.000000
-0.021379 -0.889672 0.492070 0.257576 1.000000
-0.018256 -0.888032 0.493512 0.257576 1.000000
-0.014685 -0.886676 0.494953 0.257576 1.000000
-0.010753 -0.885633 0.496395 0.257576 1.000000
-0.006559 -0.884925 0.497837 0.257576 1.000000
-0.002204 -0.884567 0.499279 0.257576 1.000000
0.002204 -0.884567 0.500721 0.257576 1.000000
0.006559 -0.884925 0.502163 0.257576 1.000000
0.010753 -0.885633 0.503605 0.257576 1.000000
0.014685 -0.886676 0.505047 0.257576 1.000000
0.018256 -0.888032 0.506488 0.257576 1.000000
0.021379 -0.889672 0.507930 0.257576 1.000000
0.023976 -0.891561 0.509372 0.257576 1.000000
0.025979 -0.893654 0.510814 0.257576 1.000000
0.027337 -0.895905 0.512256 0.257576 1.000000
0.028013 -0.898259 0.513698 0.257576 1.000000
0.027987 -0.900659 0.515140 0.257576 1.000000
0.027256 -0.903046 0.516582 0.257576 1.000000
0.025835 -0.905356 0.518023 0.257576 1.000000
0.023758 -0.907530 0.519465 0.257576 1.000000
0.021074 -0.909508 0.520907 0.257576 1.000000
0.017851 -0.911236 0.522349 0.257576 1.000000
0.014168 -0.912664 0.523791 0.257576 1.000000
0.000000 -0.899860 0.500000 0.250000 1.000000
0.000000 -0.899860 0.500000 0.250000 1.000000
0.000000 -0.899860 0.500000 0.250000 1.000000
0.000000 -0.899860 0.500000 0.250000 1.000000
0.000000 -0.899860 0.500000 0.250000 1.000000
0.000000 -0.899860 0.500000 0.250000 1.000000
0.000000 -0.899860 0.500000 0.250000 1.000000
0.000000 -0.899860 0.500000 0.250000 1.000000
0.000000 -0.899860 0.500000 0.250000 1.000000
0.000000 -0.899860 0.500000 0.250000 1.000000
0.000000 -0.899860 0.500000 0.250000 1.000000
0.000000 -0.899860 0.500000 0.250000 1.000000
0.000000 -0.899860 0.500000 0.250000 1.000000
0.000000 -0.899860 0.500000 0.250000 1.000000
0.000000 -0.899860 0.500000 0.250000 1.000000
0.000000 -0.899860 0.500000 0.250000 1.000000
0.000000 -0.899860 0.500000 0.250000 1.000000
0.000000 -0.899860 0.500000 0.250000 1.000000
0.000000 -0.899860 0.500000 0.250000 1.000000
0.000000 -0.899860 0.500000 0.250000 1.000000
0.000000 -0.899860 0.500000 0.250000 1.000000
0.000000 -0.899860 0.500000 0.250000 1.000000
0.000000 -0.899860 0.500000 0.250000 1.000000
0.000000 -0.899860 0.500000 0.250000 1.000000
0.000000 -0.899860 0.500000 0.250000 1.000000
0.000000 -0.899860 0.500000 0.250000 1.000000
0.000000 -0.899860 0.500000 0.250000 1.000000
0.000000 -0.899860 0.500000 0.250000 1.000000
0.000000 -0.899860 0.500000 0.250000 1.000000
0.000000 -0.899860 0.500000 0.250000 1.000000
0.000000 -0.899860 0.500000 0.250000 1.000000
0.000000 -0.899860 0.500000 0.250000 1.000000
0.000000 -0.899860 0.500000 0.250000 1.000000
0.000000 -0.899860 0.500000 0.250000 1.000000
